a = [12.30     67.45
12.30     64.08
12.30     67.45
12.30     67.85
12.30     71.42
12.30     60.71
12.30     71.42
12.30     67.45
12.30     64.08
12.30     67.45
12.30     67.85
12.30     71.42
12.30     63.90
12.30     67.85
12.30     67.45
];

R=8.2;K=0.175;
I=[0 42 53 58.2 64 71];
w=[0 11.23 24.8 38.95 53.47 67.19];
V=[0 2.46 4.92 7.38 9.84 12.3];
% sum(a(:,2))/length(a)